965108563706
751814603817
10447525582
818866392239
876211246588
834550783063
777385071865
672467520722
864256925532
575148883140
597793354025
903636308905
547824223246
887247116971
674429724595
853122926019
661502754299
961668382336
745102606911
669670189609
628185360446
913976882481
583568298676
632978203677
778660455681
724638296478
614446707152
743846854913
666520398271
930084849983
790307245012
624312389961
860191995216
886392736471
910329177073
563351406678
889011383928
640853425712
723817544443
612906917177
898483367470
720279697515
657507942118
790570318410
671373851603
551388183855
616658456697
832824272732
714894672792
861968569418
727760709607
766142177523
862619170830
637586103814
698883133374
740744526711
926379519273
598358687603
884906702961
730177795324
644892039623
705058472150
550382355744
675076563209
595354917876
712745738555
683105787795
912738171978
626301988342
627147263711
926305281632
822273860843
682898120157
828353218044
770409757961
742855061590
842001352921
941190365257
844479922433
849520821455
688932446802
822150377419
772362660612
785499774448
818135118849
950984136695
684563539010
842249701429
717555744763
682231880696
593232961703
708570743299
902881384191
558659288784
681497540116
42534924619
691587176886
782082364301
628044230924
642279545295
615435154221
749082626487
742523826852
727223676642
864607955690
741667720701
679346651059
610186446917
687976001262
932576099282
558269994905
739782138085
628801333173
739315750644
915710895379
857816026104
749513098783
601084394164
655640900138
838385192788
683924216550
818656863171
844439046087
722525880005
858023734584
719524229573
674650273513
789496929278
758936708938
627927548744
853924444643
735452492534
682047814366
614731221466
744767642035
565769304330
940592883909
539023201808
916557113674
641303395509
625007904985
747309705293
597798572517
864813037618
673185452325
521518465017
778058407600
895170397295
688587978552
822752387527
969547803143
687745533769
723042841024
790183717051
958719625771
639015823058
941990564712
630840890648
932641433530
36544218574
35939300787
529107423296
897513410504
555222538750
835917754607
830753207719
658723587589
824316465045
777159090884
700173868525
909011759283
646611030039
586585174673
765155533250
722734860539
745613230101
674270821371
793413326959
795311651255
683933753790
920632625281
839372443602
853611400110
667763744375
848861436452
965672284067
905096456336
846820725150
666522311224
944590587385
655320281051
713694979097
687529064339
931877253391
734063844738
718846095015
688233711631
618943418001
912616229868
947259179816
932100294514
896550863560
604193798415
860560303793
874288203654
528011293674
689679260042
859960765088
568848744621
844379707117
644378629627
573242139901
921995457809
662229683754
892126939194
902901572007
782365887673
719103330297
871081675601
761630498245
846241859338
962339837050
829161413504
780108839744
674456159263
747713735580
950487069039
775381815731
796295589461
648863568003
904900235297
794157023684
837668401034
623399191170
858023962840
740896746725
837616886614
859585720079
876987520402
860260810132
839625032812
902480430854
677010691609
684446667477
685501987330
688418180198
920646597706
677634303876
576530305045
794632064190
600364101918
632246846612
662242899797
736357059367
741709622292
838578727188
860890344625
972228117442
857683510352
722004555102
579977879517
36305719435
822413999034
772345492968
701949419994
855219602333
876129700514
819140961096
659112078129
736073953342
590685468704
625805655314
629321691589
795897894389
675056436251
687738424336
654764891069
591455235070
760776818928
705392046341
749487905077
771930746802
745686428390
707129611834
956920635757
710568049969
885788031075
891845156402
860911062088
621254728687
822833427939
867338871362
775966911353
717211277437
859950649522
853700776683
925188768612
736328326813
971836916719
895600052700
922866313031
657637500723
887962426116
894709288365
732700420342
906956981471
798453537700
17551057173
721384116599
941763368817
603386371803
676082477626
855866198576
714328762050
673598061490
636575316614
663361571844
847951379025
663111371352
654311065944
697650745343
599491029449
575806758152
825301210006
616080307816
758252187431
679979130483
921959161143
626431141528
895174313601
774459697650
803164062476
623548540273
868636956033
897619688765
661412245262
565624005880
644730987945
757608666031
693557975466
731756409507
761438954294
537654273761
638123825909
749557008333
852099814868
788127138970
641422862853
898436712058
38786940527
741013363286
42998181164
814541401230
820909306198
669809856996
588628398680
855842893813
730292759287
677090646536
951634938490
685428527786
858804783217
871884083409
847697311874
821455050523
708199396834
948156692299
710670721369
812307371132
770235282494
731221142306
821196876813
795654035183
825012574653
924224914937
951425704965
651022011924
832911297644
620880850385
650129779859
549912871102
692845510989
905804630448
719400257350
721114230687
534693530807
741695800050
735368216652
705968790820
654760884840
625619864745
895956632724
912321091839
904211983883
957906420525
803072955640
951246388536
931013413651
745222371027
654504139523
885356235387
635857001128
778454450942
827118796832
615498805668
652897140775
680468821409
695546566324
781463655589
687948211124
904811612411
861930801886
944050913399
607187104557
675968878396
772690026535
822828026213
694648241785
651749955076
918127720946
857648863288
773876347901
656369218024
645374250576
586674964216
913863739815
817585445770
687735788444
721585858200
893157770283
541927090053
780556944975
857630727497
822508921509
900703643999
574964604210
648660288757
644481362310
576507334074
841904350109
806372708306
831754731276
638958687165
820589480909
779816298819
821107909527
678709270404
757120690083
542474669765
732417890258
706888841640
885465378019
736791927686
640640922330
627402826333
732551014654
688347016575
789311079497
826045547591
851195077149
907541855484
945689393850
741784852071
856871869821
699295101986
670875475474
768175280090
776299767301
632981363761
935447234128
768714706432
800517849747
688212131347
637691875557
736182448551
683513700023
705545266776
596649834580
927796344760
588728332512
895331074934
680960580072
844964352390
592377673727
735300814670
718516998354
632627019632
659562603649
945618444318
851344860409
713419357136
668696202525
691531548387
816293183840
829180993882
14399526154
828919848581
806765991024
686505220704
747264291431
612734976317
658624159368
791478612151
39126370733
742620687546
658565263912
574546707789
558638294949
736234405421
551602003011
926619228551
734060302600
639592419378
637981450877
619869711109
640767097213
845357882528
544132466580
707949831674
808853401115
949675763846
736681877168
650701563312
883925605028
745329737370
544299515485
775360770209
704314659560
658333816189
668787495930
697687217864
779568871815
856922387218
553617685185
667769644015
691548010535
653482079487
670588724536
846261881406
693473015294
785906132465
865180421640
574736956688
620048924217
889075876060
617554953894
946207580935
680698377359
829848809135
753654839156
949315515953
718667689299
758086611399
682489455700
543524721579
876873764414
920900242097
892470133350
728498425047
584171043952
613510739117
634696280982
624189562540
720287065742
665811932579
685340318098
742215978021
856456420989
686464252835
670433265930
576323325999
608815504043
871759926086
969987009094
655874368930
592797850287
789064576760
832032107831
798888031688
802463485753
710206383034
673982828277
680490233938
735840956260
777344277333
749319498443
584480241790
703136513965
702380660435
822895926143
798500160356
784755106395
789882657329
41211085816
892522796264
708746987217
532734289924
562599888973
810646563301
681389180813
744705177582
593899854433
763579469481
42258936105
905783033470
731811746549
742660408040
639599443853
851758555953
726443234668
770332836306
859253986969
714902402236
930460677968
905926980253
885389672348
558953505427
815720506857
522561713777
779358198759
935946907084
680549051687
694827790056
686711672323
732573996688
848548932775
668872706204
951799219159
919676288374
755072063437
807093882519
556819154583
694341726654
678921675964
733088394985
773753217912
773379166684
829157047534
558902096378
686648718472
673647464699
905204186108
680601907931
834431794527
823935551926
628096932202
625399328298
961130187510
590237816885
742534262440
953387316283
583062642131
754645659514
871390659621
642235790081
845752605547
818398521248
682976136446
666520818202
722080110977
801290523739
891223315316
558166417954
759184539739
775745604886
888378864308
729554985444
775879880193
657876446082
856615831144
758759131676
647184141424
612527883288
773736957692
927487865027
826501134071
912771244105
915821539487
614766517123
646779292065
758538087947
571222751742
520306640546
568686065587
661367149763
858978906383
717029169792
556802277874
779704206001
749767063535
553203408041
843872401939
754349438043
823316645513
820471679792
39494793312
572544568164
910101388113
773989346241
907343505603
720274701429
884934577999
772968358784
693030684847
953826006932
818677241019
619662125164
685154679190
814885108158
760265183215
657893982020
920930730341
614679603985
952256283825
600329673842
769101838027
950417302411
706283970897
579343339110
654526694683
786159910794
904401897894
671148023201
654015875550
681226686806
655175944444
952744426172
837730465381
959936170872
633986808290
925999733200
955736615748
706666948430
792888251113
771677502959
597765935970
642253748888
834488808914
772510165884
38525511422
762371179132
696111633498
869679032394
741047099175
938607439169
678355004672
842061735971
911326962032
638404449081
847684535088
785432710569
811802987046
644823710741
944144119358
653959626154
826464664839
712099003768
825228349884
656317438405
579886686457
868670052630
723916955421
592393214411
850386380473
644319542737
586020544192
743168639318
802609198351
903563346237
711748140659
751875893216
918178015198
819119560114
903035368868
677286858005
614453181723
650980973952
597899052417
957364582504
693046616665
645698626582
744309953974
620643817374
663179843045
813420223740
880471762831
943321354918
676317506169
657182245492
950706822897
596298095555
612009768634
694326033588
844586022176
684292857895
574324517909
902040993471
758257230303
779859815386
641445420523
606983634602
780656951458
674611246772
537565065968
963804292730
864914352802
666064236816
843507298421
711054604420
840688831010
736349965100
850212889142
762610983783
611595111845
902712326167
807734144766
759151686553
684652443237
618970390231
732742644180
654650741959
704501516300
697918073393
738770298558
855534989445
766453470648
850097467434
623156457779
655650555698
885559409520
934896510413
739421948539
841753995838
645671549625
745653693550
642235790510
935667277561
740131743223
837397515475
539897442282
776281337445
576118627350
938059091323
957257689163
521797227328
824604709004
817663520229
663459023602
847686219017
722983123912
858593444696
789873008535
695247778810
676252412200
855521177330
539103985825
961226874474
750318386819
560563053915
809315942632
839189316201
730321719409
744680707550
636672348429
634925356149
606781127150
831229794165
666399625679
677667227448
742238472033
43704682920
932170373207
889176171790
768693929149
768145829227
836363638085
889994012130
590290230203
594903647982
632598198098
691159724450
942147256165
857769232990
40997950841
574150189191
913573965026
707523281141
877455258922
572959658341
859079015217
687994243782
724527175583
840858545912
771699519768
908092991884
757153329523
726402796732
763631080920
751913545403
749463881780
849154027684
42779393079
861437683530
671079908401
765189843369
822245654077
790097454246
748670707978
732772237379
873998747286
867674478750
610759514398
809575799077
825366819984
909933543794
877751976449
916559721760
557590561201
673578479870
904489106348
694626572884
695959255796
787886157727
909646728870
746292738373
842124371552
869928605963
880061639357
658534038066
860090192632
570258686518
963108599174
712175881594
583254105669
780917586835
662120846285
851564538101
774174051604
858138113250
850857009301
786928326408
817774887346
684839562381
624752569431
904633906221
641673995778
899179272942
717949006858
850329441202
696047037447
759211379553
896918123193
660212936347
769904000281
876123544166
671038782374
814369930583
38696446290
892276814990
910602682446
865235981133
709460617151
654446604841
844263138128
632503263926
742935915967
774193064423
654477245933
654829294204
873927093092
752437494823
893349937258
825917343201
862267490598
662030238238
709514184203
723629620228
679832363700
677776192275
566084135365
631329929893
545041650130
867820873106
853231096087
742219994689
643686150056
696426983790
615397365598
871447803146
763227407639
833831000356
944370820498
944918522876
938812198245
738751643327
617627206217
847730381957
615531775067
593331355654
723022967525
723022967524
862045895997
706943885113
707538433952
717576177924
623654939989
748198420970
712527553142
634359891864
956318149446
609857673622
828635632443
657394182289
677960047543
856864625402
663018031252
542642431198
873797443579
41859708721
767238472408
855691679895
691068797953
669133303897
858776649423
777763111455
839480044132
706209791976
944406256414
734537273718
815014894352
666598778405
704476837804
810125640637
646206202191
602254652148
823072831243
848932420185
778460977410
587602102230
677828628493
910294712176
842434889315
761562536216
692552461326
626753027910
680817536115
589695600901
938303883760
766144601825
662930191992
885993765033
703453785219
826968207798
777178669499
660792572681
887905421219
731084161910
581488144696
674883239715
895954084792
613703196235
525112747757
605148480401
648687614032
951619583649
736532082477
672497714454
961140907573
955774271195
688101829448
879030885643
895191224782
905196698190
596732010721
888671255972
722733552878
629624052703
669667229025
766663373128
777457224874
697981949548
627136204467
727112051133
809101449427
678998089796
751521956414
672422269482
728350203575
908593127457
807964763770
583274109675
773369392099
532658203483
877038854293
748335477248
693440094440
823511350871
578542078809
950968236075
949393842804
785658069006
927848780457
902144386395
803662386791
619929544497
829800797727
837049573764
705647204263
630791064502
945602033511
630854198190
813390494085
653439586989
919539670287
786192568348
595758010591
640206963617
824886221661
653373014235
703450110851
772439870521
845944918672
538237695274
737487476938
771682891295
914659615036
796617967090
852907508176
563305944568
919061713050
855318223179
43165930825
885111951878
855779674864
947889058204
544842184589
893667720380
884396150950
767134874672
666294011517
663231022939
742851981197
814116672688
746222684793
823466224184
782490961438
679628556164
758438149357
677296251927
576069635482
842102828057
675395769373
782383431582
825583670089
942074419666
799728656690
760002058225
785741343479
711680806675
717212330190
859138603218
614783122813
614039204725
846597013326
818201180339
822453113793
572275616563
650432532081
679008628937
770687637371
894041648948
901528883820
866066033332
549675913154
579347383183
908453457645
602527691935
848611230408
724131604661
733554805220
693320915571
826580048686
725618054674
675376170551
812052594592
651474316385
898517857104
836169838557
810319048544
877791035553
662832226935
923296157567
805794620457
636686286021
783846023762
663443307760
760714718807
646797790317
932480855172
953461786772
858255648816
674512631419
653390394100
847371588359
630950479675
532239604919
696436277123
653800653054
827929041121
811554133166
40588746374
909815224235
708623533940
760517523267
578100336498
751540802296
734238608429
901059920698
850223282250
702865607237
742621411842
644314075629
672022068302
816931693302
835105449300
843529590402
658732789243
905262003693
677254671184
655058126931
533659979868
726801755367
706386374588
639072528727
802141051392
691335657241
717417937616
953861014587
838694003233
831541482284
969783474180
729221923564
42133897269
922824702620
739201705770
692384763508
898056760283
628552102670
41479137258
549702550660
764071515341
947254327610
902521189337
613332745205
948125909127
770366072118
716776176530
535645630673
655200819682
713025836352
612057678160
841819031371
835293696677
760441116955
705499753785
848108153418
708451627838
772394894157
680628503466
885997327090
711625188285
886184950307
792605108299
839519713874
742439433735
724180924749
762278297442
734184123198
673655879480
693779231810
752422477231
678036456918
683703706152
738985787932
821739456048
714786114670
851739519532
779514546807
601348991313
747795493752
642681055985
653178947404
608907930579
821102310130
941272680084
913625506647
727944566913
634288511740
648270672351
724688623226
801400985765
5067835835
727742547176
873757932612
734736666068
537171213894
851596117446
738701876160
675139531901
852653247120
939498358532
720485466971
652321440424
820274863363
655454885603
872154122491
615273875552
592200934036
848100449150
766204500003
770047577578
838363574790
750527757098
618245279319
826386653536
610641552774
946068572669
719193855146
692684933791
556514813594
537824984434
794994012520
568466980898
836259963154
726281666326
773407107301
609499221447
796745220783
803038665480
590575444734
938561680958
782736752864
757206663671
738692153210
901825826709
617706821068
858314759073
816769618561
845632508802
769676044126
621674049027
709746589117
561895780135
902941357129
844743569252
896932011163
859958225406
742504609768
523892010470
942820690306
640192503899
842249498375
592924317982
13599509306
774197380437
693759025155
645925048449
724736504518
805060517770
850451539113
860036434782
675754863966
645839726910
613327174039
906566238901
710677307994
826589267620
835388200423
659429012651
655558012710
875435255965
671103717950
690796677414
730770500000
711929823727
854918910806
601199518518
729972938461
806871654023
920436202784
740312127660
703766671512
596201319783
865317016036
612534102205
829361656134
925650778482
711410364668
683720061327
17071875298
859345585523
771708935630
675971548744
841521197645
785406199723
755238596442
916438907536
868856901470
659659306849
765285260867
684398100688
536295358448
736523564387
801392945746
588854146930
806955705993
762971413186
915098780667
538559373856
820719667097
971272632827
896606016621
738972632636
954725935125
707380987429
628373265023
823925501967
708373038275
931698266814
758433362348
886890991428
676608350391
839701140897
827909781775
890086063403
887655294600
594371692696
888832714280
735749971708
543496841475
672076636552
680044296342
756738179234
713080099773
703526352771
751926073896
803977214803
820736755338
570366570986
943912116955
6906424795
593988880973
593518840180
658776892250
711976716469
678261363533
749105124834
746546383895
738061161616
601986398838
561125996246
796973051307
805497158324
763185313117
876723335304
901110836560
810871589611
731317464280
799899590497
794980048185
854849206334
914841743163
676363618559
650143875894
696562074047
811647958595
818107031163
685595686574
814301284523
967915647352
690849449736
768631036999
706910379505
836779449482
785547466635
664765047594
700530178590
908913763405
571745331382
856718375438
806332220439
789940785438
955836280190
841655498696
666023413110
666827789358
667046719661
775688276379
784707803257
712947219477
739962877824
844857017525
732389296010
619925545450
633622851989
695611255341
936381022256
940607526265
955600432524
525599587043
688711700890
888825598551
867802004470
658982745267
860692078837
737101112846
727733969708
831261326955
657806847395
902794279199
726999668919
856219629842
799151759730
704124035619
618086680152
549859716189
527851879260
557305575618
744961358731
765019278763
625746738763
620131490268
716313072837
939653543794
940236479578
936468279255
619991658304
10788316600
565937847559
866073073948
762322858889
902122698048
627891041743
691364419099
773131604870
607181289685
695620851438
731306917920
892137191934
802546831906
896596808163
694262855991
739166308469
661005094353
640635765077
731928866643
742695130721
740678433015
624590929678
777095327256
759827560355
762813213794
889632049528
806257973007
862019382143
701443324903
922283744463
788269658677
794505875773
741532387620
860913362462
785085055920
827186432749
765022290137
534245251114
903943788543
815387777259
865428136546
718176610695
887480778796
750559589497
883267094483
739222157759
839794336451
835728429319
635782475386
690757197123
641141120888
744764098786
945744188802
652498585247
842240370666
19937435700
605423372866
671590019581
701242105009
634690448462
712457079592
726980975358
893648177936
785843436109
869094800278
674030961435
694855010264
655427005743
684839240609
670754356762
15428628406
740998418954
768667453269
939042251430
35087542549
541621964894
578284452440
836580664172
784701193740
684125120394
624205767739
712619644483
921950509214
837518413847
692631128025
748182932977
651182120574
773958326436
19541682373
952911596438
576767149403
719372475775
669044440328
725996703282
806372064882
943077508912
877403189334
745160619134
744023195902
629926123025
885969147975
567601625030
943443629625
725618659836
742785379515
837829775064
849200365363
717962118275
905703520295
944055487951
675806673543
742945406355
846398936796
721697821703
808151529265
782680150855
879247449392
677013503342
847128392232
939064643856
670415948732
791312598143
602354117874
642908055427
909277442703
845068531210
591244409736
963365860300
841608538002
730759335088
934040413098
577790793642
862842366388
664425074026
730860644626
677574928228
925685980359
887246403547
870116601004
565336434671
824278797955
523028351099
800968228339
961250962956
702834938580
852470028283
712725690520
567133114523
864792670900
683535253820
582340459197
963624989438
675932721631
782200073633
858944372038
613010979238
775310471401
816597551648
657827780957
626305436041
660031580891
737885219422
634790317430
684769082181
797044262708
846141579237
537534228981
818132510290
855741448664
808027823540
779547841242
870347618833
45079443732
694396646334
717588194102
855781998027
837718776146
875482393332
815955429085
909142160706
682701558282
873937669164
938598203820
15520675695
656172330278
674618171906
909863241303
851545168406
836819333857
710081864713
733752705416
669127013307
886249403578
683291720675
710675191270
760566996459
666349826093
836894828157
838284797748
663309999533
939175479932
756854557731
731556000353
598879437717
857174857129
892567288701
666354858371
44884495731
892236821816
769700273413
856664815202
627639942311
896419743764
937952265663
722182599755
805382684621
770579564434
766580336359
913575753766
853554638942
672996204787
772592856632
897585630283
889775081969
857431617075
577985598736
838368794896
645385862263
819155466109
942758915542
779133006225
631016744123
952188154803
828136255621
684547100688
752268715332
732941153534
753688411824
797554951049
856709671050
856876682703
595083230922
831807983990
781671209584
743040370516
695928894215
639661371131
578954913670
876703361503
722578827860
683631750546
743642368497
534296346549
821025723012
707345590070
922738731149
637043341859
668799861663
880642151902
731177426486
763016679117
814240569509
783872741119
842675660445
740019466032
829284867913
714154367578
762982778023
614449578062
945560293319
853020231561
959033921712
630511563373
708611701450
539588810102
724579194019
939650123364
916583818345
711572019732
855824229102
731778102035
664943746239
686607929406
719892709668
651128626038
892236793570
820874142688
655997139255
740758190952
859170043631
734207086150
817177529171
645623591708
655044192592
719399194102
909843673735
637267292601
644317716775
732099395866
742533382445
693490375609
597284863293
683794825299
678801934114
732551458573
796215118321
848964189771
846470281141
773668261177
712162844928
617910854875
824992918738
839337990628
806102078110
767914967737
636169774298
828970401217
734705450193
715765507642
936990457125
658111281851
633247450682
778822364818
667480169181
691706568163
675490947589
906234419048
696156292179
619556497627
604952677311
868984590071
703358040796
856534902604
572049837428
934632303838
733218075054
621251155113
742621457593
775365436484
929868612560
875292704629
863407127521
710124284989
737628526955
702835453393
865007312759
620647149367
936258002508
849551813838
823230040312
637742025351
899187960076
653373514266
795258164385
760262111025
700977222404
761749299528
931673132937
652887210213
665274142915
816059638190
653471820665
727701441481
579058147200
733511072013
614384519695
601061040359
846764542132
930986038531
731925658367
815205163987
602194082453
916606309977
820933471854
797148833633
572266160345
668748720567
676756633404
14539418174
705142598050
644570487676
623340656660
937908217705
750145764409
926354383945
939950623132
598217460294
693384929708
687687130056
684479130200
857958491827
678097779103
696648978743
683593875073
874354287169
790159931582
909518767671
669736292813
829641588863
533026229727
726293816408
852202079829
666578365594
831866097225
712648427921
711951900209
798959634166
720341420580
527286019937
915510893703
915441816137
671248930252
839787984410
620953818988
639981438829
852589919073
841865481237
25246428008
577915922758
927848580364
674028669049
618977798496
550035342534
794678080528
944595994029
843971780933
632817805931
878526660524
558779425240
907854569026
769775569807
837354446809
735508921965
550154181802
662524556529
666590894801
706589124414
669163643133
839427768064
788577930699
919697267988
821245983440
761446186835
881198365229
693300319343
758481454807
877535586644
916927222578
669381793019
694521275055
798219547518
805693287201
747629216646
677335163229
680302263458
940569959943
623709271820
672827732723
864997911701
946613971907
623219620593
868223236189
921245061801
792384940640
741427204774
748402736916
577234584934
957400635536
763724184527
766763139593
642570982234
734689419196
600810005626
728089990931
735664678132
693781336926
605256694899
776874688340
779292928590
941270828745
647852347485
726455488437
713433650336
594981248488
822562346445
704118430412
919899129018
695988640360
608773829456
743208072942
758850302522
884528818517
742794006479
571323090604
901932586508
873493208533
806593139691
833934527679
902176382644
889077835212
693657601431
737672709353
708183014976
898774841423
886554549869
701445316242
722791073257
912167572838
809840544758
891103914861
564684044467
722375376958
684414200799
958980631983
624280088638
949013306917
763592790662
645519078570
953581137709
747437580434
831778539059
736207916786
853252947959
568780753797
760648870507
581918764972
701962593251
575421201352
845021923841
851335536454
784365093366
689933552606
812291189664
886574485980
913093289648
746396627855
12311001965
727671422493
524465513081
944280209888
855020587321
626463771149
959655137584
675861867372
652913496619
865332544808
865173574536
829195201377
724171875905
762248326144
773334308583
842350504954
768670606449
661244981600
677923607968
13060317764
844799057661
747346410851
817148229944
644845573927
601445819975
914503320447
691351162124
861286040744
862875256893
843992452687
834596007925
661275212412
925895303349
939063362093
732744616123
697143229993
905151470309
850430812795
720072249363
642980059035
890749737990
681406836771
736792551628
954653466110
840967770299
854636224847
712245218936
887585174498
612713521539
667301432239
736030892802
540014855553
957899365821
652966272787
35667250758
679831886190
838028220558
579094037648
785799169588
966231941293
660328384914
785770337024
900220259948
778051273896
725467707694
722777697639
699467071730
751405807603
652508539008
613843704653
843825827497
847124911413
831721769794
853768199460
794361909242
747230242867
627106366939
770666993890
593920257380
643488948701
689767945898
900398795043
714001608019
847486604996
875011314848
765013763614
678908545564
681289275496
820783810862
939063311786
873477202340
611580326790
718399432808
693422180286
719189215180
653130235731
846528682545
617257535880
653128882353
876992617819
940537385957
738497793322
864046936282
700288422081
761651082980
728315388604
867281300723
779841409832
794290184753
644100979780
650092523645
924654034460
633714064389
911201809048
852097136685
592619302695
902053960363
552686895795
777179344424
856552082410
935587045948
814644500695
779823215627
750443127955
834489964801
856098196814
881436868918
951771696903
815385205526
789013472713
829658302133
624230346709
622269380572
776156639007
932031813966
838578857760
660133439459
948513059312
894687198445
36373380091
775933144022
702214967404
897532644681
680007150546
807274649709
800858417449
606438016085
793430316929
834260404298
711235640545
859916233855
630226456386
683918924033
934355346033
666229749772
662731303007
811580836456
840681197924
622712554188
957282750438
739796857044
620131934339
736229848028
679061253168
920962025853
862250176287
787590711972
733087459842
692598041354
679027984804
615830494323
747925755656
808267743485
798130920508
892743890025
959279344893
820870360146
658620784587
541797705148
586491586628
941936331588
851094955898
774008612271
950267912609
748007749737
716996070869
741039526566
676274125633
655775137396
721888849671
684457047241
741009753380
951009088652
617255624484
953038946045
770928498282
727809173199
677383685296
748716939232
681841124726
762301485306
610363638430
914516981121
644528949676
657182862397
810595789128
915389063969
728636834273
794383656747
694128699385
829914081885
805898388687
736487346206
741860697527
650245578102
677137730829
672020188573
615364988127
573168924662
713482307136
955659851223
687096108014
722249074810
765925696146
782396929925
819854761050
854750221982
782609719337
782697366425
833755780574
597293712589
767815211669
760795880502
912688065210
744178267371
623896774635
908449377228
675918312152
769755477794
830256716928
676459071641
845202253019
616013253999
806412760458
640556017210
641874803625
932713028310
609061923652
622166854612
957090226586
812325684010
708808083745
586263318935
969328723427
576165188478
726391459023
801527613788
660520613524
554760180999
732126196889
537908556374
562542530649
804821283831
646457169314
655978455318
848692569178
563228466774
935971131460
692958051184
552237853335
853333553518
684931196389
952896259161
565627817541
38038420163
681611641651
696293378520
658204659002
904420728407
892206799114
678075953496
710119312683
791028727729
856590031210
725042360336
897513420830
691928308755
785120452609
843591396476
909426559459
683862533144
729606657821
963299206047
814888323662
747716307078
714792782752
912353467892
757482763587
831384040001
927347142653
683850191092
853640612635
675547769053
682127948336
525561291541
624348845730
940465266964
848091631196
646118902693
712034129339
845155121862
770867224080
680757639749
834875136352
763605999346
796738787033
794224537479
804383923321
711751140996
907974874370
789714950534
556602892835
713619814509
827048834954
729244528237
726623730655
45666571747
631933273028
887447853275
670214213821
709990248586
620502652583
777536880156
666874098202
720273620109
732709300625
535552421085
782428678156
935068583317
616996479680
615056484433
754588081770
725467795227
882984722282
884509374559
835105010803
622031805326
18326383083
913184761467
698123412149
847215082346
746691434446
836582844020
667613908059
908851246252
573708815915
762180894488
746207179613
577445719196
771460879958
717343576401
761243396095
905152598459
531348521054
676369197019
723342380175
552408611026
718863389176
763598366865
618713840159
822901814376
948934902488
911159921646
673976893808
749093258397
768743791438
738681613573
10722207965
712558670784
630062603816
889022202072
593276727230
822971863032
800875256235
752212690411
919057445793
892853065889
547470268378
683095591275
912234176244
909260792172
855165277019
606770007961
819052225980
749326318427
764737456085
688835675593
738851080759
963108349364
777525225206
12218793220
619091931303
743201096315
593229375016
737468373689
873341753838
722083930813
662007687710
682369228402
744482971758
921105468221
650220498653
798135460846
640777125271
830373164775
914455396964
878195668476
919084174290
926736725054
738899367522
889530830838
675844512096
909711922879
611413615348
770182516970
755962597605
936505697111
626311044163
696523392780
898354428914
751270424325
883524444405
888926644986
961179490025
704764283696
776474156872
632552261562
774067411110
742267648110
614759327786
865138919594
634229245004
650887178073
547814000468
800963767600
607701426182
584592702911
861329646301
665178648656
570670148295
610946540613
710812891662
719642399369
726898574026
752616565259
659245354115
891542700895
775411306617
827317073396
13056947340
826496449474
911768078955
629534191476
892606575137
656973824541
911638269383
726228483988
772496818855
619371199631
847888311747
787114642055
639656749631
768955134873
807605527273
694859417075
843521978531
821359182150
812647076837
664781582128
725681924911
531907488635
861645196954
737133194904
648024729099
863883562948
656077811257
564693726188
593880555770
881024054253
906532244464
773141048616
770931882689
748712755566
916531017869
662420667253
688146982800
941178100232
711248951120
810493495298
698161309217
666437151342
885405641754
717158852720
627723485467
846821437345
586748698215
585594196197
681218025439
685333220459
817859866443
570456136988
935841778366
752076207338
750864979303
610416206190
795621012179
741324195948
953882187859
601683846533
622952870638
889152091947
797170992412
940898231653
701210279093
858201355829
968762158984
790746868709
828943524951
939504906770
526283254638
733058333577
934580729080
804554311869
564260413720
748775790747
727079106025
714417914461
679921901226
845551827583
806597963923
807037681301
918263615091
12707037708
623383624022
593402531771
668951449990
805772671884
867367615216
868444165439
829010322353
649014360145
895148099982
743996373953
635507009106
706224775587
747148124555
817588756341
634681720182
898115745897
793376135691
727909517893
917741667974
688056801977
899872053914
532033202307
854719369184
776265566748
816297337061
811343076885
945648981917
863303467269
708946149829
635504672572
883341987425
830966832804
932460406239
782683596142
604257777944
902039526782
620695436768
684001271252
796500752547
706558055121
738949514331
818963723707
779309873168
703952411455
805682353276
653815023622
684735162825
682596345815
679150166022
828691264853
947335367427
826096813112
612707991604
773986212887
742534678622
645349440789
660892177532
694833922267
525584002166
587507408760
652814509388
830633219915
826954299560
806666495150
622426929810
912398303503
822483120692
618505784587
883869021227
761781264295
788081499716
918485861787
540623366000
890661293974
678988937960
651116096196
770170461733
717274781353
643753556188
712176346873
876702062011
927969037775
740936391769
778033716641
725954365618
851458327087
704076366000
942096232770
878167392457
677263230102
859341134304
792386516204
771533973863
830601102415
740775683735
710758270180
736558153649
892854552074
791111670168
740634660484
648863914376
849740697352
799103280769
660244552021
931254042671
747445263707
589740056745
923329220637
671305990728
850083597980
698672629675
668626176934
723810896403
743222252036
678201596621
646952117658
674335309700
676758225174
797030114410
688232222001
868245164980
569641399019
774616187974
890002007395
713822083421
829056440354
720539984277
528442987066
861248070307
827179267810
937108171309
646950797768
663659043078
758712622699
778322404552
785511581692
748914383542
836342372276
941079080424
559977598374
642435013517
623111981592
579051680855
719129298240
844405369259
633400776279
889444662507
664919497752
898879057715
521024521228
848727429506
720019846138
805772179904
628248754523
835090894395
908344980784
596079488806
724945653098
757675103437
859151151867
843351864131
669294545987
694962379134
630627454731
602624442348
891528845352
739168593513
727605015761
829666604096
897654026577
849334943062
889301029123
719898471198
939716702969
907363480544
746470549152
724937739547
742828972937
706055275151
566942448040
694583358678
735302587175
673581728050
900196688797
652493889001
736982680520
599472287838
626234111079
671939249603
902952805604
894318822279
742082440534
652645052599
694324041598
624505851542
895809029029
567226547283
736180193078
829364966054
733745155987
737608793779
895542455468
900293091980
730566390257
854714173261
838750532058
570986944366
893940000794
709936936364
641754804080
687745457887
890667494804
620284370732
646947945987
572063917911
721767307279
680562681112
829450323355
563072157408
618946991767
800138143622
45445377890
533327472606
846534823161
750073773189
810676122138
906013271059
824946625908
528391317785
861776668765
721389220758
537944422184
673958429982
805442288255
683347455548
851222966554
839354154039
654510308447
735021349378
669283934343
650382762187
737767262652
561824585233
658871741612
859564544627
715770519489
868550014543
755053559183
657223463183
674704445393
801557543120
947684971612
848380433094
851646319809
859929196249
720370956592
768396160107
811157472395
721702777948
672055238468
659438237855
951014804413
744039074028
678780441393
882192960280
946913590470
736188216110
703347852013
679535700352
851583089309
875454150476
939563263890
941070729214
656547082681
912351971275
889659074144
905083721809
663102419224
844731151234
13975104122
843215244637
903542397587
626925026403
836586972211
775984744307
671969855917
574671486870
877697343846
850829610909
907436157415
661865076649
774022565707
623784357819
904279943337
826573774800
732936129163
922343365095
530930031059
728818149163
634473375900
594953818716
908567103033
889000812464
682813938840
945837428434
710671721776
710127003758
535912819393
886894652727
867512322219
695192428165
790310048628
693915302830
912802587175
633232872745
834882043067
674672226453
717944798025
959295508402
698917611938
877611308769
630734479150
773363599580
689407744806
839930278258
883540822366
777579721923
744513159879
649576233932
745055583881
836569881044
744799610587
772006441245
908086541363
679637308256
842831750376
606874077891
742239516410
856386753204
846847281197
665800230967
956936516483
673545900933
672400468061
798452625178
713295404774
723537014035
802955577060
742671606701
762401411349
904094025976
657053940210
707282988238
632833100562
624446028512
740443091452
610005545673
768913773952
709351873132
45781146281
704243816797
695273442134
826154776304
776531734820
617140643345
827405709777
721437100968
838429570986
948519184932
616266624035
561266002833
839548110284
603271920973
703904406204
531115931202
613123015505
708696746723
742786364636
680416934734
612825510616
964308144350
615724016403
754138992428
662023209430
